$ANSIBLE_VAULT;1.1;AES256
61626461356664633236363530633463323332303436373132333236313064356331323763643336
6632643033363264316465303561663031636434376366340a633465363564333264373538363738
36626133363365323537636264633764316639383166333831393663613063363734663962633339
3437366433353337330a636234386338646532653037313430386439323631366534333363643961
31623038303535373662326632643763323964663864393330626264636561623864626633306337
62376665303438666433666436656532363061666537663933333064636137393161316134396230
31633636383238616234613636623438373737646637666539626435633666373736303439666664
66666163613734336533663464333430626432313831336230396636653861666235396438346237
65323139656664363130663661646161646235383564326561353730656236303835646234356433
63346638363166396137346239356263623238396666333538363935343661376239386666643566
65303831396430656636346134666561376566623162623763666339343939616361636166626464
61303466393264336335393338353332663261373366656136613639356635633433643562303761
36323732613637306134333765326166393735323831636164376433383739633232313337393234
34613366333263393939623163383534373536633239623137643162333136303938356231393936
64626262313164303638643262666633383163383430313332366533313461363262623037393731
65336131646338383564373763663938653465316434386461616439653538616266353035636231
61383564643233393433333933336437316366393938613534623034333136303536636134663563
38623064663934626262643338303639316537353231376230643866393561663735363737623566
32656138313462643364303534613865386533303638343566653461323233376236646466656530
36316562393936623964393539396136343832316538633765643438663539633335363238346431
62326331353339366364363235666430353239313565363839326139356630386239653039396661
30616230303031653339626237376561663162323062363437343863383833363337303835303765
35623034333265633135653232376162623062306631626534363938313636393165303038663930
66646631343961303030363562613238316134363332623165326430353034346534393965663439
31643833323532653338303939363234353738336431633663303238323461633435326263663463
66376661333434336338323364643434353631663263653735306463376136356637316366366435
64316635356664383665653764393531656635613039666139393363326162356466663330616532
62333636333030636262623034383263663534386233343133363633353435666139343062643463
32633333323932346636363162663634633434343334633262353062613864326262356461336638
62353130663031383339356337626461376438653064383632333263626430393637623234613765
31363631356136313932383361353332336130376662616433303733613337306232386331393964
35396535326434313036653262613564366535636561613537633233363033613736636430393265
36653762366336613761653732383161316266363432663932346264346263653735636336336162
38373363363331356437343134306463633439383165393766636564346136313835363066386463
38366663363463363435656364303661613633366633363138363336613363313166633463633061
64626564353034366633626538653435343437613162653263383130363539353065316333393530
34646164363030353030393233393735346263616165356262353562326262646630396237313733
34313831666564333137363363323437363962636264366138386361356233613539636339613532
35333336656534303935373434636334646630643435623032646531353930376362393266623263
35633931356366613031
